# Created by Octave 7.3.0, Fri Mar 03 00:12:11 2023 GMT <unknown@Will-CustomPC>
# name: y_pos
# type: matrix
# rows: 1
# columns: 226
 223.25187265917603 223.42226368159203 223.34783960211377 223.29671011793917 223.30403726708076 223.31015212666873 223.30403726708076 223.31015212666873 226.09530156614463 225.81978918735123 225.78763166836561 223.13948220064725 223.16645077720207 215.93617664851786 215.95585122467494 203.46010296010297 188.41870202372644 184.24983520105471 168.65385983635716 165.88432835820896 151.11823008849558 149.0679412768863 135.7560125479261 123.17214002165284 122.32330827067669 112.38350591715977 111.84516366311144 105.8944918541505 105.56528477334366 103.62007874015748 106.17875145405196 106.12814556716995 113.02818991097922 113.27380952380952 123.00254452926208 123.1190650109569 134.81671449067431 149.25053533190578 149.45751866334874 164.14641966512292 165.34547346514049 180.35191637630663 181.85921674544227 197.16358228684732 211.64718682001865 211.74968982630273 220.40275171982489 220.42575804939042 223.6755885198323 223.66107165913493 223.46394779771614 220.00959752321981 219.9585010839269 210.46623892453405 210.40189197436681 197.85705209656925 196.34737827715355 181.79467296021579 165.69779829545453 161.69529450477131 147.37866758715913 145.72821715817693 132.42438856355494 131.3173469387755 119.93520443520444 110.11362819129809 109.83134705669917 103.95487851908986 103.82368827160494 102.12984496124031 102.15779246016324 105.34089191232049 112.69147005444646 113.08808479532163 123.34855938158819 123.46920098556846 135.83626335746294 135.89428076256499 150.1483870967742 150.38680203045686 165.20048060418813 180.76899383983573 182.68823915900131 198.06885660138977 199.35027726432531 211.81280193236714 213.01889577797462 220.75652431791221 224.30689245395126 224.52399289099526 223.46327356853672 223.30063842135809 217.55080667987545 217.15997722744095 207.54265815438188 195.18508114856431 189.51249256395002 175.51204625762929 172.14433617539586 157.17616411592314 141.18138747884942 138.62959411952701 125.55496512786449 124.52744397531666 112.78554299417608 112.48144364998298 103.49400218102508 98.998493975903614 98.929778445362373 99.643738317757013 99.734480179506363 105.27153284671533 105.24744525547445 114.5436926215573 114.86607447898872 126.8820614469772 141.6824302134647 141.8384136348738 157.19585934932633 157.94069993519119 173.61898483849703 174.81753935110825 191.0791413008651 207.34727164887306 208.02980713033313 219.32221902845646 219.53018597997138 225.35146569960713 227.00843486410497 227.05935645110904 225.82739891369945 225.82553576818594 220.67346360804305 220.62875779920589 210.58104517271923 209.49724876918623 197.33823529411765 182.40869272237197 177.26478786001857 162.6660033167496 160.08846761453395 146.11114808652246 131.82023239917976 130.11425749094502 118.63979416809606 117.74460188933872 108.92632681564245 108.00790106492614 103.92340425531916 104.50870195794053 104.62754360465117 109.23776223776224 109.51793248945148 118.35515603799186 119.04367262723521 130.47399605003292 131.39346448816272 144.28827632015941 159.50192678227361 159.84639898024218 175.61550683190339 176.15640703517587 191.88736263736263 207.01430656934306 207.0177894429863 217.78477389811104 217.79198855507869 224.6729667812142 224.71232484987132 226.82984901277584 224.65073529411765 224.64632768361582 217.23744419642858 217.09946912545405 206.86289855072465 205.70807097882084 193.22667077302125 190.1260029717682 175.9955414012739 160.60476663356505 157.62749376558602 143.85771409530156 142.15876089060987 129.57931493182573 118.37012763021731 117.17032040472175 110.16445718380508 109.68464285714286 106.21311475409836 106.1311475409836 106.22769344687153 110.07584471603163 110.17109992810927 117.52312435765673 118.02730729346699 128.14411069861626 129.14804660726526 142.00502008032129 142.01269205076821 156.93188548864759 172.0612113402062 172.43610223642173 187.91240188383046 188.47582145071297 203.09674529710361 213.08812260536399 213.12728344136713 219.25927007299271 219.25474175663845 221.43434049970946 221.50247021214764 219.1987951807229 219.15108944954127 211.88857305287095 201.62920046349942 199.38874533448177 185.94798399507542 183.3213963286187 169.03154574132492 153.5299934080422 150.7991239048811 136.77163540638367 135.66602378656381 122.24114896459587 120.61915511125443 109.90548992355802


