# Created by Octave 7.3.0, Sun Feb 26 00:28:19 2023 GMT <unknown@Will-CustomPC>
# name: x_pos
# type: matrix
# rows: 1
# columns: 284
 298.39512471655331 298.36978579481399 296.47240527182868 297.23538776438483 296.81165048543687 294.7465224111283 295.75853350189635 297.65909090909093 297.30058774139377 296.72224313135115 302.12509144111192 302.3410483321988 301.68997668997667 303.14543219991805 300.90318360226775 301.39084622983205 295.52030544949668 291.03631532329496 291.71682539682541 291.01649646504319 293.79489105935386 294.31971720345638 294.38743718592963 295.29974010973143 294.78958554729013 291.34441087613294 291.36946564885494 294.54368588609833 296.30808477237048 291.39127324749643 296.21631205673759 296.9701986754967 294.24737377160284 291.38090909090909 292.77855711422848 291.33754969280807 287.96953025814645 285.88687782805431 288.3740296400847 284.17142857142858 292.1037277147488 292.24019607843138 291.25113215314946 293.29074034103172 294.85217391304349 293.37274220032839 293.66029411764708 298.77135054617679 302.83264340626846 302.15573179524154 308.3247487437186 308.17965895249694 303.51130722559293 303.30757910228107 306.43241551939923 306.30898203592812 302.56968773800457 301.58425504229018 301.42801857585141 301.85349233390122 305.39635438745233 304.60676650027733 303.55777979981804 306.34485509173095 310.48952095808386 309.84351407000685 306.73554006968641 308.04809670781896 306.46170542635662 302.69402110199297 302.65964912280702 304.0087867522812 304.68652037617557 300.40023068050749 303.70963172804534 301.1267123287671 297.85507246376812 297.83072289156627 297.61287988422578 296.65841269841269 295.18331747542021 295.20796064400713 294.33502323616392 296.80389016018307 299.59077188443297 300.11422680412369 298.92543733868655 299.75657894736844 300.03864734299515 300.34726688102893 303.5952109464082 304.36978756884344 305.78887688984884 305.54236034036256 308.92263427109975 308.728526645768 305.69309950438429 303.11782032400589 305.34179510426111 311.57577807848446 309.44651347068145 306.51779563719862 305.01048791609668 307.55088622069752 310.96523848019405 311.41424148606814 309.86150234741785 312.13817448310641 310.19807244931872 308.07234042553193 308.16500711237552 311.76134751773048 310.4539735099338 307.92238672050246 309.55845070422538 307.62696522153408 306.18317085684964 305.96823869104907 305.28617886178864 304.85692541856923 305.32259158751697 305.36629860777725 304.61103867883531 305.14210756449495 303.34275618374556 304.18299092212135 305.05177282711014 306.31405132519984 310.73076923076923 306.94603174603174 309.42312746386335 310.89931934203065 311.34351897486448 308.85571625344352 310.40989847715736 310.2766624843162 302.91808873720134 302.19258589511753 303.31302717900655 303.71486928104576 305.95558546433381 305.52803738317755 304.1897711978466 305.89863963723661 309.07625649913342 308.72661396574438 306.23495959293626 310.73291925465838 309.16215240158903 305.14505119453923 307.11160714285717 308.44113667117728 308.78115988465237 305.97770552717139 306.95220360024831 305.64354995150342 302.61986958189487 301.62395543175489 303.51587916343919 301.41469194312793 303.54703947368421 303.35255508673231 303.55666400638466 304.59459459459458 303.24793789422608 304.28960977903148 303.73671044402749 305.83198294243073 310.2024141132776 308.64817749603804 310.39887640449439 313.44136579904841 314.33066666666667 311.10449981405725 315.96849401386265 315.96654275092936 314.94299964374778 312.63689482470784 313.45386766076422 312.47270854788877 315.33131847374386 311.1726734803658 311.71774530271398 314.04576719576721 314.55376344086022 315.62325581395351 313.93739130434784 319.00173611111109 316.6085972850679 308.92926045016077 307.3770718232044 312.47766323024052 310.83244047619047 304.87695749440718 303.01734750979296 302.01027221366206 302.79991593106348 305.27627627627629 302.56543385490755 296.38226744186045 301.04212860310423 301.43835616438355 301.51067869008068 302.21171387421987 298.75555555555553 299.56637168141594 298.7909228441755 300.49357759528323 303.54045174537987 299.85468750000001 299.77682403433477 303.34679203539821 305.18110442292596 302.30145454545453 306.21572104018912 306.06678486997635 304.77552524880207 306.05660377358492 303.9016973125884 305.27666666666664 305.70996873914555 305.78351893095771 302.71555743959306 304.40206185567013 294.45641025641027 295.32710280373834 297.28737802958767 302.27785613540198 302.9918608953015 295.43486973947898 295.4275956284153 299.64635027704168 301.62743009320906 299.92658984208282 297.66137266023821 298.06494140625 300.55278063851699 302.18516355140184 302.28278145695361 304.58110014104375 301.92470588235295 301.00116550116547 302.97238955823292 303.51464323748667 304.69990176817288 304.71215043394409 305.63685379004124 308.23792524149519 313.31599081866869 310.30264993026498 312.32892998678994 313.62068965517244 309.76034390112841 307.3949843260188 309.53911564625849 309.62807606263982 310.80815138282389 310.54140127388536 310.11042944785277 310.93927522037217 312.51585976627712 312.54965110037574 311.33643279797127 311.09586653386452 305.83460076045628 306.32845894263215 307.99203675344563 310.88361554972573 309.7950767263427 304.06976744186045 301.33333333333331 304.86072198275861 305.61575052854124 300.1260820474219 296.24891878904373 296.43554443053819 294.40728652081862 291.84178571428572 289.54127697841727 288.34296283248193 286.78127451835064 286.99168010866799 287 286.88461538461536


