# Created by Octave 7.3.0, Sun Feb 26 00:28:31 2023 GMT <unknown@Will-CustomPC>
# name: y_pos
# type: matrix
# rows: 1
# columns: 284
 165.67176870748298 165.72322435174746 172.752471169687 174.41710256993406 186.75894590846048 222.3400309119011 228.70290771175726 221.14550395256916 233.15561153092639 249.78396687993978 263.73006583760059 268.79782164737918 280.87379287379287 295.58009012699711 301.70606192760573 308.46131050378665 316.59770912877474 326.07528786536756 333.67682539682539 339.37234878240378 339.58527422990232 342.55773762765119 344.24422110552763 341.68986427952643 322.05596882748847 297.55891238670694 297.2732824427481 290.68340997523876 266.96664050235478 242.923104434907 235.23900709219859 231.69933774834436 211.89461199593359 199.03181818181818 192.84068136272546 179.5916154680159 175.10749047820568 153.43891402714931 164.71912491178546 165.41118012422359 164.07131280388978 164.01906318082789 169.68135034993824 173.403410317289 186.33198757763975 220.29228243021348 223.19264705882352 214.86295928500496 231.05204021289177 247.67700072098054 257.48806532663315 259.90012180267968 274.63789299503583 287.37012509197939 291.27972465581979 294.20179640718561 309.38842345773037 318.12361743656476 319.48993808049534 324.80238500851789 321.25010597710894 319.2512479201331 316.70427661510462 311.17787822387663 308.51047904191614 303.46328071379548 299.85714285714283 292.47273662551441 270.80217054263568 256.5580304806565 256.49005847953214 249.24940858398108 223.75235109717869 203.90657439446366 193.93271954674222 177.45156555772994 172.34985507246375 172.53855421686748 169.767004341534 170.75047619047618 163.24262607040913 165.25178890876566 167.929446556823 170.24073226544621 174.28978007761967 177.33154639175257 188.73759678806996 190.59409888357257 216.52495974235106 246.51446945337619 257.56898517673886 258.0569105691057 272.9119870410367 286.48538660747317 291.96163682864449 294.46018808777427 304.95386961494472 312.63033873343153 314.26291931097006 320.84844384303113 317.8419175911252 313.11423650975888 309.0980392156863 303.84819897084049 292.48666127728376 278.43777089783282 278.15874413145542 276.93772062531519 258.58457959454967 246.38297872340425 246.35419630156471 237.38439716312055 213.7774834437086 201.00314042171377 186.16267605633803 169.33587422582181 174.48999486916367 165.89220404234842 168.49756097560976 169.59969558599695 166.78392130257802 168.85165626500239 172.57800956106041 174.83756012243114 181.52953054013125 185.26755852842808 198.51710072168183 197.29659234328986 224.0176282051282 253.45079365079366 264.49671484888307 267.85847986386841 280.9960571710202 290.66046831955924 293.66243654822335 295.01944792973649 308.92415623814941 314.37613019891501 316.67010309278351 324.38562091503269 322.02063705697623 319.20210280373834 315.03768506056525 310.54921312349961 302.50779896013864 289.05204216073781 281.8829691709069 280.58850931677017 261.32466594438426 245.51877133105802 243.71130952380952 233.16238159675237 213.32745914770908 198.84626103111935 179.57541899441341 168.27982541222116 170.2903720751822 176.66573816155989 170.44306738962044 172.07582938388626 162.69967105263157 165.54524144397561 171.52474062250599 171.63013013013014 183.4570596797671 185.28396803008934 196.38023764853034 198.35138592750533 225.66852367688023 260.72424722662441 261.47191011235952 266.67478309543799 282.2312 292.62142060245446 301.60239445494642 304.34076827757127 312.71214820092626 313.61101836393988 311.43709226467848 314.79711637487128 321.69739327540611 321.89080150618611 317.42045929018786 313.19285714285712 308.30491551459295 300.32159468438539 291.25217391304346 293.40550595238096 268.78921568627453 242.34726688102893 235.72513812154696 227.14432989690721 208.30803571428572 195.68590604026846 174.27364297705651 167.37390857729841 168.1744430432955 172.62462462462463 165.19203413940255 168.14825581395348 163.11012564671103 164.97749510763208 168.49549121974371 171.02280364858376 179.28357487922705 181.07405682347462 192.09742813918305 196.39924194567277 220.38973305954826 256.94218749999999 257.22889842632333 264.92892699115043 277.17770217220624 286.83345454545457 296.56737588652481 298.79018912529551 309.41245853298932 306.27547169811322 310.38896746817539 308.13666666666666 313.52031955540116 311.23652561247218 306.17634590928361 304.71804123711343 296.34188034188037 287.91732566498922 280.20302171860243 281.30418429713211 258.4894561598224 239.14028056112224 221.93989071038251 221.77571669477234 210.17416777629828 197.11352966282544 177.40215541690301 171.44482421875 165.33496395468589 164.27044392523365 161.417880794702 163.28584861307004 161.92352941176472 162.95571095571097 165.77459839357431 164.74733759318423 166.15766208251475 167.02314368370298 177.82143989850937 180.33725325493489 203.69739862280031 241.73361227336122 244.06208718626155 246.76216343882854 261.29768941429342 272.65482410309994 287.17913832199548 290.49440715883668 299.51179039301309 301.87716105550498 306.13113496932516 304.03232125367288 304.3230383973289 301.28556092324209 296.47548605240911 294.40986055776892 288.52788339670468 281.86445444319457 275.56049004594183 273.80157405199139 253.95108695652175 232.8031007751938 227.33766233766235 218.33701508620689 203.44027484143763 192.84870154309371 179.10716001922154 170.76095118898624 173.58080451658432 177.13249999999999 179.90260791366907 182.35599788620749 184.07514602039927 185.00806520078106 186 187.14091218515998


