# Created by Octave 7.3.0, Sat Feb 25 13:33:22 2023 GMT <unknown@Will-CustomPC>
# name: x_pos
# type: matrix
# rows: 1
# columns: 232
 288.2603870967742 288.49020592667 285.0490349504434 282.72168441432723 279.82687651331719 278.58478860294116 276.70979929161746 274.92616334283002 274.44249601457528 275.07996385814323 275.48888384754991 275.94017283403502 276.10104450499546 277.25120219830546 279.08102081268584 279.88874809934111 282.01322751322749 283.74846110800223 285.06843331391963 285.32222544190091 286.48641136504017 288.68817502076985 288.3995144321554 291.60448807854135 291.91471335780852 293.25760929717762 293.56802627977004 294.32075471698113 295.68261220102124 296.40759886275521 296.36304456685025 296.40282329216035 295.66966516741627 295.37454920144256 293.13690319176999 290.06578592612561 289.98328912466843 286.60110192837465 286.43922951709169 285.09692426983719 285.73834265920595 283.51793139293142 282.99628889523268 281.39585635359117 278.83764446890478 276.65058703420112 274.4633899163922 273.56650124069478 273.67485439351736 273.42101167315172 273.30900180551976 275.18945263684077 275.62603461249057 277.05522535908864 277.30936329588013 279.27860936745532 282.203125 285.10928013876844 287.26662777129519 287.27695800227013 288.5878136200717 288.26792855238602 290.55866355866357 295.01018161805172 295.22412838959599 296.80413523330537 297.09450794535826 297.17330677290835 298.12520547945206 298.83676746052981 297.58159633960344 297.46394662560942 296.55512918905089 295.9247109438021 291.81823345640441 291.4880273660205 289.48180784536669 286.4746438746439 286.49089858422423 285.14341957255346 285.61324041811849 283.7749787715822 283.58612848209208 283.14087694483732 279.52627118644068 278.52264713859506 276.52090209020901 276.01779935275079 275.68102508178845 275.69749727965177 275.02049069830144 275.91433189655174 276.14135135135137 277.50569838324941 278.14164847161572 280.6874833909115 282.12783619258437 284.53785086475756 285.55998817966901 285.10099573257469 286.11504424778764 286.01528801528804 289.25289523296527 289.3056161395856 292.06896551724139 293.96285085305448 295.37303664921467 296.89029101210406 297.0626104519061 297.41653905053596 297.41787994891445 296.3454908818386 294.29685080020653 293.08086033215358 290.59281115879827 290.43866666666668 287.21870775885372 287.15927311598074 285.72402938090244 288.30090188576116 288.36074918566777 286.34427586206897 285.88517802925753 283.94995759117899 282.12219850586979 279.9979565772669 277.61183704842426 276.63849186791521 275.93326978074356 275.79225597032229 275.48074706017985 274.87192458036333 275.21458430097539 276.57619738751816 277.42366600790513 279.05151064883609 281.21049826805222 284.1766843723791 286.93533352752695 289.08566329565735 290.32248275862071 290.15682607534063 290.95844504021449 291.01132075471696 292.3994042783645 292.38743882544861 292.99519615692554 294.23902970836741 295.27455590386626 294.63348765432102 294.4845228958813 293.50612870275791 293.33628318584073 291.39549071618035 286.98791795448159 286.69084821428572 283.38933571641348 283.32270333528379 281.88810156480662 282.30979084571084 281.0080344332855 280.85626822157434 280.55672514619886 279.73797430534808 278.19812126387706 276.31842934938379 275.71908863573213 275.04717498628634 275.76570180229385 275.85160938352431 275.37328579264948 275.28375411635568 276.65846994535519 277.0551246537396 278.24953345774458 280.66344605475041 282.95987297921477 287.23388952819334 287.42217116599653 290.33135257498583 289.14822546972863 292.95753205128204 295.55572558020913 295.95895997960747 298.39985829003308 298.84379424256724 300.64054184808901 302.22521085023936 303.47137060414786 304.20670897552128 304.33408628868307 302.53234381922908 302.44513826940232 301.34552580013064 301.18311427934952 298.14823641563396 293.23172103487065 292.84617501375897 289.00159957344709 288.86024927075044 286.74281192297548 287.54489164086687 284.8501894491402 282.61931317874962 280.66759465478845 278.15736885928391 276.13394919168593 274.9576399394856 274.64611528822053 274.39378109452736 273.99299008943677 274.02028495532483 274.75203446625181 275.20062999757693 275.77139479905435 276.23826628352492 277.32856425702812 280.81919825470413 284.60854300760678 285.98899464604403 284.55042016806721 284.87135707977626 284.68338742992034 285.99857183661811 286.39082751744763 287.02084355076016 295.61710794297352 297.80419862737182 306.18777555110222 308.06768121746097 300.78663540445484 294.23961735884274


