
function z = f(t, y, inputs)

z(1) = 18.6061 - 1.34085*y(1) + 0.903732*y(2);
z(2) = 33.3854 - 8.54939*y(1);

##z(1) = y(2);
##z(2) = -1*y(1)-0.1*y(2);

%dt = 1
z(1) =  + 0.986784 * y(2);
z(2) =  + 0.150838  - 0.130678 * y(1);%0.130678


%dt = 1/30
##z(1) = -1.52548 - 0.469265 * y(1) + 0.979326 * y(2);
##z(2) =  4.52541  - 3.92035 * y(1);%0.130678

%z(1) = -44.9132 - 0.554718 * y(1) + 10.292 * y(2) + 0.013414 * y(1)^2;
%z(2) = -48.702  - 7.81521 * y(1) - 0.577995 * y(2) + 0.0237355 * y(2)^2;%0.130678

endfunction
