# Created by Octave 7.3.0, Fri Mar 03 00:12:21 2023 GMT <unknown@Will-CustomPC>
# name: x_pos
# type: matrix
# rows: 1
# columns: 226
 339.02777777777777 339.10354477611941 339.08610506683243 339.15176908752329 339.11894409937889 339.15088481837938 339.11894409937889 339.15088481837938 339.23625458180607 339.94933696021764 339.98742779476726 340.59352750809063 340.58290155440415 343.15638233514824 343.14393710311458 342.84362934362935 341.89253314724357 341.56031641397493 341.40839558875842 341.3083446404342 341.22407079646018 341.11915329463983 340.01638201463925 339.55178635871528 339.55746509129966 339.90828402366861 340.15446855461568 339.31885182311868 339.41921735761332 339.61850393700786 339.02442807289646 339.04026325977543 339.23145400593472 339.109375 338.67466375863324 338.51314828341856 338.76506456241032 339.17094932191293 339.24706718805544 339.02137513359457 339.47554630593135 338.87595818815333 339.41424713031734 340.38037012557834 340.50668324525958 340.5648263027295 340.22514071294557 340.22288215067209 339.96001289906479 339.96513879922531 340.1096247960848 340.30247678018577 340.28956333230104 341.15795905896732 341.18553555080865 341.11785260482844 341.00811485642947 340.403910991234 340.84197443181819 340.65383349786111 340.67172937521576 340.60321715817696 340.28935583878746 340.19489795918366 340.63236313236314 340.75188781014026 340.76236908631273 339.80563054377171 339.77970679012344 339.6639534883721 339.6684803731053 339.26114890400606 339.01742286751363 338.85233918128654 338.6528460997892 338.60823653643081 337.56773526370216 337.48769497400349 336.6780984719864 336.7343485617597 335.66803982148986 334.40143737166323 335.10906701708279 335.30385344283007 336.0113986444855 336.026268115942 336.65013286093887 335.69839857651243 335.52792632204398 335.52399289099526 335.07807981492192 335.03917585606501 334.85309934899522 334.84343865641904 334.47156123041208 333.61704119850185 332.70196311719212 332.12656601349181 331.93940316686968 331.82351025724518 332.23620981387478 332.09747523170341 332.39222849551646 332.33387463462162 332.690304898938 332.67620020429007 333.4565612504544 334.33621987951807 334.39541870071349 334.64897196261683 334.63275991024682 335.73394160583939 335.76459854014598 336.26895613736826 336.01366586949092 336.97224975222991 336.53004926108372 336.56473287446738 336.31153466973382 336.57809462086846 336.88299274884639 337.41471249598459 337.3822492790772 339.34756820877817 339.62419637638806 339.66829548720898 339.7650929899857 338.70142036869146 338.87066541705718 338.83036551077788 338.81744115872056 338.80169031089645 340.38544321721889 340.39194554736247 341.20578683200472 341.15522733854618 341.10513141426782 340.67250673854448 340.48652833694644 340.49983416252076 340.40473933649287 339.75673876871878 339.42617908407379 339.36911425749093 338.79485420240138 339.40890688259111 338.90467877094972 339.61456544142908 337.92978723404258 336.86983321247283 336.79215116279067 335.36818181818182 335.12693389592124 333.47930800542741 332.94738651994498 331.62310730743911 331.08869623207738 329.60544669545004 329.12973667308927 329.26354365838114 328.52812202097238 328.73304020100505 329.08455433455435 330.23678832116786 330.22601341498978 330.54035489410415 330.54449213161661 330.13974799541808 330.16099513869028 331.14634146341461 331.41317873303166 331.42401129943505 332.43610491071428 332.36714165968147 332.74579710144928 332.64825414997136 332.11425931629196 331.89123328380384 331.43694267515923 331.47699437272428 331.36845386533668 332.07297567477508 332.04291707002261 332.29497838377119 332.65367368057952 333.3116357504216 333.41526334647079 333.57785714285717 333.87555886736214 333.93628912071534 334.24509440947799 334.75557153127249 334.7627606038821 335.15587529976017 334.92084341513998 334.85487681403981 334.35915010281013 334.97222222222223 335.00267201068806 334.96051332675222 334.80444587628864 334.95335463258783 334.82888540031399 335.01518908865467 336.3768289041505 335.85116416150896 335.86210960518559 336.10510948905107 336.11934636708492 335.49709471237651 335.4455100261552 334.85025817555936 334.82511467889907 333.98123934053439 333.09617612977985 332.67269595176572 330.62326869806094 330.25338549503459 330.60977917981074 330.33783783783781 330.15926157697123 330.76637051661731 330.73834779813564 335.42017368069475 335.61012576588195 336.05350938151491


