# Created by Octave 7.3.0, Sat Feb 25 13:33:46 2023 GMT <unknown@Will-CustomPC>
# name: y_pos
# type: matrix
# rows: 1
# columns: 232
 290.97496774193547 291.32094424912106 303.3265519040167 308.47555663117134 319.29273607748183 323.04411764705884 329.88122786304604 334.05674264007598 336.53336369847415 336.95640388524959 336.84119782214157 334.31220917349879 332.55426884650319 324.21433478360433 309.18929633300297 304.88874809934111 290.18412698412698 285.62171236709571 268.70326150262088 267.63286004056795 250.19857936998147 231.6621434505677 228.74777448071217 218.02664796633943 217.54786783394522 208.34947426674046 206.79386805365453 201.07061994609165 196.40446116635314 193.73455673300595 194.60966449674513 195.06251575497856 199.12568715642178 201.59608449252963 213.36217356897916 228.0374764087355 228.68859416445622 242.16143250688705 242.95387954422137 255.66322047040578 259.39408473221425 272.1398128898129 291.91521552954612 294.99088397790058 305.78013208585583 311.0380296069423 318.04307068659739 319.53300248138959 322.43378070397569 322.03035019455251 322.13618777405208 318.90777305673583 318.28944068221722 311.20629024269442 310.18601747815234 301.48841139546113 284.94270833333331 276.85602775368602 262.55075845974329 258.97843359818387 243.39619520264682 239.88882964542788 225.81144781144781 215.62658227848101 214.9164360819037 207.16848281642916 206.01895734597156 201.11098463289699 198.63561643835615 197.27134064757828 198.8167259786477 199.54221195791635 206.18853926835507 209.86501747781662 222.62255041181481 224.01140250855187 237.57504263786242 252.63960113960113 254.36376769719735 269.74887514060742 272.34930313588848 287.5717520520804 288.09778283115406 300.1813295615276 310.62514124293784 313.3656088961215 318.6265126512651 319.67691477885654 321.3620501635769 321.43090315560391 320.1420868158533 315.46901939655174 315.09540540540542 306.48290485025177 304.39410480349346 293.77969705022588 290.60182623132266 274.64984406010774 256.93794326241135 254.32603129445235 237.85398230088495 235.2836472836473 221.59278211688661 220.96483097055616 209.53950583763236 202.13373692900385 198.88193717277488 194.12773628637652 192.60085836909872 192.71592649310873 192.74508301404853 196.27579315513364 204.16959215281364 208.59188674108358 220.17730686695279 220.69013333333334 234.2962962962963 234.78300374131481 248.7746589716684 269.35528833014484 275.05103148751357 289.47393103448275 291.24786088876624 301.79078314956178 305.89994663820704 316.27407407407406 323.52241865231872 325.61606702809263 327.64895138226882 329.05518200788316 327.80608715702095 327.19659691883191 321.51532745006966 311.22738268021288 309.48542490118575 298.65626547795938 293.1889155342393 276.61951355884821 271.48383338188171 255.59488399762046 236.48744827586208 233.69917178733635 220.77453083109918 220.12641509433962 210.35255889520715 209.77814029363785 203.14411529223378 197.97547015535568 195.10266457680251 195.17978395061729 195.37477615758505 199.04851889683351 200.81363872982823 207.84164456233421 220.07080640629391 221.34291294642858 234.57759904676794 235.30105324751315 250.1452612931798 253.35313731433769 269.93027259684362 288.53090379008745 289.43421052631578 301.41858380639377 304.66040421292342 313.00401261106333 315.04862461794943 320.49917718047175 322.55133806663025 322.86033824331696 320.46982995063081 320.09769484083427 314.35300546448087 313.43157894736839 306.41428952279392 294.92834138486313 289.56148960739029 274.66542002301497 273.8564043653073 258.21986417657047 253.40735908141963 241.1875 228.24789594491202 226.40326280907468 215.6254133207369 214.02619159981123 208.09675858732462 203.68953726920446 198.31221821460775 196.30145058930191 195.64106618477524 198.03167922020381 198.56155218554861 204.1685173089484 206.07863666740923 217.16754051477596 238.10939257592801 240.38112272977435 252.84404158890962 253.25828692654468 267.56607755209706 271.919223191669 286.06353832701836 299.96477839741709 303.82405345211583 314.90868720510684 319.56992558378238 324.45789208270298 325.0829573934837 326.73781094527362 326.82886149383609 326.7944940835547 322.85327908089994 321.85291979646234 315.48179669030731 314.20306513409963 303.42595381526104 287.99018271066268 276.83674663545935 262.32688875669243 254.13130252100839 241.58404474536354 240.69961640601949 227.55812624964295 215.38983050847457 213.31216282491417 209.85050916496945 207.23677836092048 204.95691382765531 203.35782939527434 200.5071512309496 200.2167522165189


